Cables to test STAP90
        16         1         1         2         
         1         1         1         1       0.0       0.0       0.0
         2         0         1         1       6.0       0.0       0.0
         3         0         0         0       6.0       8.0       0.0
         4         0         0         0       0.0       8.0       0.0
         5         0         1         0       0.0       0.0       8.0
         6         0         0         0       6.0       0.0       8.0
         7         0         0         0       6.0       8.0       8.0
         8         0         0         0       0.0       8.0       8.0
         9         0         0         0       2.0       2.0       2.0
        10         0         0         0       4.0       3.0       3.0
        11         0         0         0       4.0       5.0       3.0
        12         0         0         0       2.0       6.0       2.0
        13         0         0         0       2.0       2.0       6.0
        14         0         0         0       4.0       3.0       5.0
        15         0         0         0       4.0       5.0       5.0
        16         0         0         0       2.0       6.0       6.0
         1         7	
         2         1     1.0E2
         3         1     1.0E2
         4         1    -1.0E2
         5         1    -1.0E2
         6         1     1.0E2
         7         1     1.0E2
         8         1    -1.0E2
         4         7         1
         1    10.0E1       0.3         0
         1         1         2         3         4         9        10        11        12         1
         2         2         6         7         3        10        14        15        11         1
         3         6         5         8         7        14        13        16        15         1
         4         5         1         4         8        13         9        12        16         1
         5         9        10        11        12        13        14        15        16         1
         6         5         6         2         1        13        14        10         9         1
         7         7         8         4         3        15        16        12        11         1